3.35106 53.77263 94471.0 95378.0 0.95095
3.12154 51.60192 94546.0 95452.0 0.94917
3.07357 53.18614 94127.0 95028.0 0.94814
3.25678 52.17356 93742.0 94638.0 0.94677
3.18422 53.55778 94176.0 95083.0 0.9539
3.19597 52.66342 94873.0 95787.0 0.9542
3.17277 51.86074 94977.0 95894.0 0.95626
3.27533 51.10194 94687.0 95599.0 0.95398
3.16988 51.50407 93810.0 94712.0 0.95236
3.32857 52.09954 94452.0 95352.0 0.94387
3.18059 53.83383 93472.0 94365.0 0.94633
3.20533 51.6412 93975.0 94876.0 0.94966
3.07405 50.95592 92935.0 93825.0 0.94857
3.1922 52.59035 92139.0 93002.0 0.92794
3.14477 53.16136 93907.0 94805.0 0.94721
3.64151 51.50597 94333.0 95234.0 0.94609
3.08867 51.99698 94187.0 95087.0 0.9465
3.16835 53.52474 93731.0 94627.0 0.94688
3.15959 52.71192 94642.0 95544.0 0.94407
3.12686 53.2589 94027.0 94930.0 0.95123
